                                                The UNIVARIATE Procedure
                                                   Variable:  BPXOSY1

                                                        Moments

N                                 11    Sum Weights                       11
Mean                      129.545455    Sum Observations         1425.000000
Std Deviation              13.025848    Variance                  169.672727
Skewness                    0.121095    Kurtosis                   -1.151647
Uncorrected SS         186299.000000    Corrected SS             1696.727273
Coeff Variation            10.055041    Std Error Mean              3.927441

          Basic Statistical Measures           

Location              Variability              
--------  ----------  -------------  ----------
Mean      129.545455  Std Deviation   13.025848
Median    128.000000  Variance       169.672727
Mode               .  Range           40.000000

Quantiles (Definition 5)

Quantile      Estimate
----------  ----------
0% Min      110.000000
1%          110.000000
5%          110.000000
10%         115.000000
25% Q1      118.000000
50% Median  128.000000
75% Q3      142.000000
90%         145.000000
95%         150.000000
99%         150.000000
100% Max    150.000000

           Extreme Observations           

Lowest                Highest             
--------  ----------  --------  ----------
Value     110.000000  Value     132.000000
Value     115.000000  Value     138.000000
Value     118.000000  Value     142.000000
Value     122.000000  Value     145.000000
Value     125.000000  Value     150.000000







          Tests for Normality          

Test                Statistic   p Value
------------------  ---------  --------
Shapiro-Wilk        0.96916163  0.877941618
Kolmogorov-Smirnov  0.105486275  0.998321979
Anderson-Darling    0.160821471      0.15
Cramer-von Mises    0.022994716  0.995542576




         Tests for Location          

Test                Statistic   p Value
------------------  ---------  --------
Student's t         32.984697188         0
Sign                      5.5  0.000976562
Signed Rank                66  0.003345754


                    Stem Leaf                     #  Boxplot
                110 |0                      1   
                111 |                       0   
                112 |                       0   
                113 |                       0   
                114 |                       0   
                115 |0                      1   
                116 |                       0   
                117 |                       0   
                118 |0                      1  |
                119 |                       0  |
                120 |                       0  |
                121 |                       0  |
                122 |0                      1  |
                123 |                       0  |
                124 |                       0  |
                125 |0                      1  |
                126 |                       0  |
                127 |                       0  +
                128 |0                      1  +
                129 |                       0  |
                130 |                       0  |
                131 |                       0  |
                132 |0                      1  |
                133 |                       0  |
                134 |                       0  |
                135 |                       0  |
                136 |                       0  |
                137 |                       0  |
                138 |0                      1  |
                139 |                       0  |
                140 |                       0  |
                141 |                       0  |
                142 |0                      1   
                143 |                       0   
                144 |                       0   
                145 |0                      1   
                146 |                       0   
                147 |                       0   
                148 |                       0   
                149 |                       0   
                150 |0                      1   
                     ----+----+----+----+
               Multiply Stem.Leaf by 1



                      Schematic Plots
        Variable=BPXOSY1
           |     +-----+
           |     |     |
        110-----*-----150   (box plot)
           |     |     |
           |     +-----+



                         Normal Probability Plot
       150+                                        +*
          |                                      ++
          |                                   +*+
          |                                *++
          |                              *++
          |                            +++
          |                          +*
          |                       ++*
          |                     ++*
          |                   +*
          |                ++*
          |              *+
          |            ++
       110+         *++
           +----+----+----+----+----+----+----+----+----+----+
               -2        -1         0        +1        +2

                                                   The FREQ Procedure

Table of BPXOSY1 by BPGrp

BPXOSY1    BPGrp    Frequency    Percent    Cumulative    Cumulative
                                             Frequency       Percent
------------------------------------------------------------
           1                0      0.00             0         0.00
           2                0      0.00             0         0.00
           3                0      0.00             0         0.00
           4                0      0.00             0         0.00
           9                1      8.33             1         8.33
110        1                1      8.33             2        16.67
110        2                0      0.00             2        16.67
110        3                0      0.00             2        16.67
110        4                0      0.00             2        16.67
110        9                0      0.00             2        16.67
115        1                1      8.33             3        25.00
115        2                0      0.00             3        25.00
115        3                0      0.00             3        25.00
115        4                0      0.00             3        25.00
115        9                0      0.00             3        25.00
118        1                1      8.33             4        33.33
118        2                0      0.00             4        33.33
118        3                0      0.00             4        33.33
118        4                0      0.00             4        33.33
118        9                0      0.00             4        33.33
122        1                0      0.00             4        33.33
122        2                1      8.33             5        41.67
122        3                0      0.00             5        41.67
122        4                0      0.00             5        41.67
122        9                0      0.00             5        41.67
125        1                0      0.00             5        41.67
125        2                1      8.33             6        50.00
125        3                0      0.00             6        50.00
125        4                0      0.00             6        50.00
125        9                0      0.00             6        50.00
128        1                0      0.00             6        50.00
128        2                1      8.33             7        58.33
128        3                0      0.00             7        58.33
128        4                0      0.00             7        58.33
128        9                0      0.00             7        58.33
132        1                0      0.00             7        58.33
132        2                0      0.00             7        58.33
132        3                1      8.33             8        66.67
132        4                0      0.00             8        66.67
132        9                0      0.00             8        66.67
138        1                0      0.00             8        66.67
138        2                0      0.00             8        66.67
138        3                1      8.33             9        75.00
138        4                0      0.00             9        75.00
138        9                0      0.00             9        75.00
142        1                0      0.00             9        75.00
142        2                0      0.00             9        75.00
142        3                0      0.00             9        75.00
142        4                1      8.33            10        83.33
142        9                0      0.00            10        83.33
145        1                0      0.00            10        83.33
145        2                0      0.00            10        83.33
145        3                0      0.00            10        83.33
145        4                1      8.33            11        91.67
145        9                0      0.00            11        91.67
150        1                0      0.00            11        91.67
150        2                0      0.00            11        91.67
150        3                0      0.00            11        91.67
150        4                1      8.33            12       100.00
150        9                0      0.00            12       100.00

Total Frequency = 12

