                                                   The FREQ Procedure

Table of MARITAL by margrp

MARITAL    margrp    Frequency    Percent    Cumulative    Cumulative
                                              Frequency       Percent
-------------------------------------------------------------
1          1                 1     14.29             1        14.29
1          2                 0      0.00             1        14.29
1          3                 0      0.00             1        14.29
2          1                 0      0.00             1        14.29
2          2                 2     28.57             3        42.86
2          3                 0      0.00             3        42.86
3          1                 0      0.00             3        42.86
3          2                 1     14.29             4        57.14
3          3                 0      0.00             4        57.14
4          1                 0      0.00             4        57.14
4          2                 1     14.29             5        71.43
4          3                 0      0.00             5        71.43
5          1                 0      0.00             5        71.43
5          2                 0      0.00             5        71.43
5          3                 1     14.29             6        85.71
6          1                 1     14.29             7       100.00
6          2                 0      0.00             7       100.00
6          3                 0      0.00             7       100.00

Total Frequency = 7


Table of EDGROUP by EDUCA

EDGROUP    EDUCA    Frequency    Percent    Cumulative    Cumulative
                                             Frequency       Percent
------------------------------------------------------------
1          1                1     14.29             1        14.29
1          2                1     14.29             2        28.57
1          3                1     14.29             3        42.86
1          4                0      0.00             3        42.86
1          5                0      0.00             3        42.86
1          6                0      0.00             3        42.86
2          1                0      0.00             3        42.86
2          2                0      0.00             3        42.86
2          3                0      0.00             3        42.86
2          4                2     28.57             5        71.43
2          5                0      0.00             5        71.43
2          6                0      0.00             5        71.43
3          1                0      0.00             5        71.43
3          2                0      0.00             5        71.43
3          3                0      0.00             5        71.43
3          4                0      0.00             5        71.43
3          5                1     14.29             6        85.71
3          6                0      0.00             6        85.71
4          1                0      0.00             6        85.71
4          2                0      0.00             6        85.71
4          3                0      0.00             6        85.71
4          4                0      0.00             6        85.71
4          5                0      0.00             6        85.71
4          6                1     14.29             7       100.00

Total Frequency = 7


Table of GENHLTH2 by GENHLTH

GENHLTH2    GENHLTH    Frequency    Percent    Cumulative    Cumulative
                                                Frequency       Percent
---------------------------------------------------------------
1           1                  1     14.29             1        14.29
1           2                  0      0.00             1        14.29
1           3                  0      0.00             1        14.29
1           4                  0      0.00             1        14.29
1           5                  0      0.00             1        14.29
2           1                  0      0.00             1        14.29
2           2                  2     28.57             3        42.86
2           3                  0      0.00             3        42.86
2           4                  0      0.00             3        42.86
2           5                  0      0.00             3        42.86
3           1                  0      0.00             3        42.86
3           2                  0      0.00             3        42.86
3           3                  2     28.57             5        71.43
3           4                  0      0.00             5        71.43
3           5                  0      0.00             5        71.43
4           1                  0      0.00             5        71.43
4           2                  0      0.00             5        71.43
4           3                  0      0.00             5        71.43
4           4                  1     14.29             6        85.71
4           5                  0      0.00             6        85.71
5           1                  0      0.00             6        85.71
5           2                  0      0.00             6        85.71
5           3                  0      0.00             6        85.71
5           4                  0      0.00             6        85.71
5           5                  1     14.29             7       100.00

Total Frequency = 7


Table of INCOME3 by INCOME2

INCOME3    INCOME2    Frequency    Percent    Cumulative    Cumulative
                                               Frequency       Percent
--------------------------------------------------------------
2          2                  1     14.29             1        14.29
2          3                  0      0.00             1        14.29
2          4                  0      0.00             1        14.29
2          5                  0      0.00             1        14.29
2          6                  0      0.00             1        14.29
2          7                  0      0.00             1        14.29
2          8                  0      0.00             1        14.29
3          2                  0      0.00             1        14.29
3          3                  1     14.29             2        28.57
3          4                  0      0.00             2        28.57
3          5                  0      0.00             2        28.57
3          6                  0      0.00             2        28.57
3          7                  0      0.00             2        28.57
3          8                  0      0.00             2        28.57
4          2                  0      0.00             2        28.57
4          3                  0      0.00             2        28.57
4          4                  1     14.29             3        42.86
4          5                  0      0.00             3        42.86
4          6                  0      0.00             3        42.86
4          7                  0      0.00             3        42.86
4          8                  0      0.00             3        42.86
5          2                  0      0.00             3        42.86
5          3                  0      0.00             3        42.86
5          4                  0      0.00             3        42.86
5          5                  1     14.29             4        57.14
5          6                  0      0.00             4        57.14
5          7                  0      0.00             4        57.14
5          8                  0      0.00             4        57.14
6          2                  0      0.00             4        57.14
6          3                  0      0.00             4        57.14
6          4                  0      0.00             4        57.14
6          5                  0      0.00             4        57.14
6          6                  1     14.29             5        71.43
6          7                  0      0.00             5        71.43
6          8                  0      0.00             5        71.43
7          2                  0      0.00             5        71.43
7          3                  0      0.00             5        71.43
7          4                  0      0.00             5        71.43
7          5                  0      0.00             5        71.43
7          6                  0      0.00             5        71.43
7          7                  1     14.29             6        85.71
7          8                  0      0.00             6        85.71
8          2                  0      0.00             6        85.71
8          3                  0      0.00             6        85.71
8          4                  0      0.00             6        85.71
8          5                  0      0.00             6        85.71
8          6                  0      0.00             6        85.71
8          7                  0      0.00             6        85.71
8          8                  1     14.29             7       100.00

Total Frequency = 7


Table of RACEGRP by _MRACE1

RACEGRP    _MRACE1    Frequency    Percent    Cumulative    Cumulative
                                               Frequency       Percent
--------------------------------------------------------------
1          1                  1     14.29             1        14.29
1          2                  0      0.00             1        14.29
1          3                  0      0.00             1        14.29
1          4                  0      0.00             1        14.29
1          5                  0      0.00             1        14.29
1          6                  0      0.00             1        14.29
1          7                  0      0.00             1        14.29
2          1                  0      0.00             1        14.29
2          2                  1     14.29             2        28.57
2          3                  0      0.00             2        28.57
2          4                  0      0.00             2        28.57
2          5                  0      0.00             2        28.57
2          6                  0      0.00             2        28.57
2          7                  0      0.00             2        28.57
3          1                  0      0.00             2        28.57
3          2                  0      0.00             2        28.57
3          3                  1     14.29             3        42.86
3          4                  0      0.00             3        42.86
3          5                  0      0.00             3        42.86
3          6                  0      0.00             3        42.86
3          7                  0      0.00             3        42.86
4          1                  0      0.00             3        42.86
4          2                  0      0.00             3        42.86
4          3                  0      0.00             3        42.86
4          4                  1     14.29             4        57.14
4          5                  0      0.00             4        57.14
4          6                  0      0.00             4        57.14
4          7                  0      0.00             4        57.14
5          1                  0      0.00             4        57.14
5          2                  0      0.00             4        57.14
5          3                  0      0.00             4        57.14
5          4                  0      0.00             4        57.14
5          5                  1     14.29             5        71.43
5          6                  0      0.00             5        71.43
5          7                  0      0.00             5        71.43
6          1                  0      0.00             5        71.43
6          2                  0      0.00             5        71.43
6          3                  0      0.00             5        71.43
6          4                  0      0.00             5        71.43
6          5                  0      0.00             5        71.43
6          6                  1     14.29             6        85.71
6          7                  1     14.29             7       100.00

Total Frequency = 7


Table of EXERANY3 by EXERANY2

EXERANY3    EXERANY2    Frequency    Percent    Cumulative    Cumulative
                                                 Frequency       Percent
----------------------------------------------------------------
1           1                   4     57.14             4        57.14
1           2                   0      0.00             4        57.14
2           1                   0      0.00             4        57.14
2           2                   3     42.86             7       100.00

Total Frequency = 7


Table of HLTHPLN2 by HLTHPLN1

HLTHPLN2    HLTHPLN1    Frequency    Percent    Cumulative    Cumulative
                                                 Frequency       Percent
----------------------------------------------------------------
1           1                   4     57.14             4        57.14
1           2                   0      0.00             4        57.14
2           1                   0      0.00             4        57.14
2           2                   3     42.86             7       100.00

Total Frequency = 7


Table of BMICAT by _BMI5CAT

BMICAT    _BMI5CAT    Frequency    Percent    Cumulative    Cumulative
                                               Frequency       Percent
--------------------------------------------------------------
1         1                   1     14.29             1        14.29
1         2                   0      0.00             1        14.29
1         3                   0      0.00             1        14.29
1         4                   0      0.00             1        14.29
2         1                   0      0.00             1        14.29
2         2                   2     28.57             3        42.86
2         3                   0      0.00             3        42.86
2         4                   0      0.00             3        42.86
3         1                   0      0.00             3        42.86
3         2                   0      0.00             3        42.86
3         3                   2     28.57             5        71.43
3         4                   0      0.00             5        71.43
4         1                   0      0.00             5        71.43
4         2                   0      0.00             5        71.43
4         3                   0      0.00             5        71.43
4         4                   2     28.57             7       100.00

Total Frequency = 7

