                                                   The FREQ Procedure

                                      Cumulative    Cumulative
SLEPTIM1    Frequency    Percent     Frequency      Percent
-----------------------------------------------------------------
4                   1      9.09            1         9.09
5                   1      9.09            2        18.18
6                   2     18.18            4        36.36
7                   2     18.18            6        54.55
8                   1      9.09            7        63.64
9                   1      9.09            8        72.73
10                  1      9.09            9        81.82
77                  1      9.09           10        90.91
99                  1      9.09           11       100.00
                                                   The FREQ Procedure

Table of SLEPTIM1 by SLEPTIM2

SLEPTIM1    SLEPTIM2    Frequency    Percent    Cumulative    Cumulative
                                                 Frequency       Percent
----------------------------------------------------------------
4                               0      0.00             0         0.00
4           4                   1      9.09             1         9.09
4           5                   0      0.00             1         9.09
4           6                   0      0.00             1         9.09
4           7                   0      0.00             1         9.09
4           8                   0      0.00             1         9.09
4           9                   0      0.00             1         9.09
4           10                  0      0.00             1         9.09
5                               0      0.00             1         9.09
5           4                   0      0.00             1         9.09
5           5                   1      9.09             2        18.18
5           6                   0      0.00             2        18.18
5           7                   0      0.00             2        18.18
5           8                   0      0.00             2        18.18
5           9                   0      0.00             2        18.18
5           10                  0      0.00             2        18.18
6                               0      0.00             2        18.18
6           4                   0      0.00             2        18.18
6           5                   0      0.00             2        18.18
6           6                   2     18.18             4        36.36
6           7                   0      0.00             4        36.36
6           8                   0      0.00             4        36.36
6           9                   0      0.00             4        36.36
6           10                  0      0.00             4        36.36
7                               0      0.00             4        36.36
7           4                   0      0.00             4        36.36
7           5                   0      0.00             4        36.36
7           6                   0      0.00             4        36.36
7           7                   2     18.18             6        54.55
7           8                   0      0.00             6        54.55
7           9                   0      0.00             6        54.55
7           10                  0      0.00             6        54.55
8                               0      0.00             6        54.55
8           4                   0      0.00             6        54.55
8           5                   0      0.00             6        54.55
8           6                   0      0.00             6        54.55
8           7                   0      0.00             6        54.55
8           8                   1      9.09             7        63.64
8           9                   0      0.00             7        63.64
8           10                  0      0.00             7        63.64
9                               0      0.00             7        63.64
9           4                   0      0.00             7        63.64
9           5                   0      0.00             7        63.64
9           6                   0      0.00             7        63.64
9           7                   0      0.00             7        63.64
9           8                   0      0.00             7        63.64
9           9                   1      9.09             8        72.73
9           10                  0      0.00             8        72.73
10                              0      0.00             8        72.73
10          4                   0      0.00             8        72.73
10          5                   0      0.00             8        72.73
10          6                   0      0.00             8        72.73
10          7                   0      0.00             8        72.73
10          8                   0      0.00             8        72.73
10          9                   0      0.00             8        72.73
10          10                  1      9.09             9        81.82
77                              1      9.09            10        90.91
77          4                   0      0.00            10        90.91
77          5                   0      0.00            10        90.91
77          6                   0      0.00            10        90.91
77          7                   0      0.00            10        90.91
77          8                   0      0.00            10        90.91
77          9                   0      0.00            10        90.91
77          10                  0      0.00            10        90.91
99                              1      9.09            11       100.00
99          4                   0      0.00            11       100.00
99          5                   0      0.00            11       100.00
99          6                   0      0.00            11       100.00
99          7                   0      0.00            11       100.00
99          8                   0      0.00            11       100.00
99          9                   0      0.00            11       100.00
99          10                  0      0.00            11       100.00

Total Frequency = 11

                                                The UNIVARIATE Procedure
                                                  Variable:  SLEPTIM2

                                                        Moments

N                                  9    Sum Weights                        9
Mean                        6.888889    Sum Observations           62.000000
Std Deviation               1.900292    Variance                    3.611111
Skewness                    0.202398    Kurtosis                   -0.489941
Uncorrected SS            456.000000    Corrected SS               28.888889
Coeff Variation            27.584889    Std Error Mean              0.633431

        Basic Statistical Measures         

Location            Variability            
--------  --------  -------------  --------
Mean      6.888889  Std Deviation  1.900292
Median    7.000000  Variance       3.611111
Mode      6.000000  Range          6.000000

     NOTE: The mode displayed is the smallest of 2 modes with a count of 2.

Quantiles (Definition 5)

Quantile     Estimate
----------  ---------
0% Min       4.000000
1%           4.000000
5%           4.000000
10%          4.000000
25% Q1       6.000000
50% Median   7.000000
75% Q3       8.000000
90%         10.000000
95%         10.000000
99%         10.000000
100% Max    10.000000

         Extreme Observations          

Lowest              Highest            
--------  --------  --------  ---------
Value     4.000000  Value      7.000000
Value     5.000000  Value      7.000000
Value     6.000000  Value      8.000000
Value     6.000000  Value      9.000000
Value     7.000000  Value     10.000000




         Tests for Location          

Test                Statistic   p Value
------------------  ---------  --------
Student's t         10.875519439  0.000004521
Sign                      4.5  0.00390625
Signed Rank                45  0.007685883

                                                   The FREQ Procedure

Table of SLEPTIM1 by SLEEPGRP

SLEPTIM1    SLEEPGRP    Frequency    Percent    Cumulative    Cumulative
                                                 Frequency       Percent
----------------------------------------------------------------
4           1                   1      9.09             1         9.09
4           2                   0      0.00             1         9.09
4           3                   0      0.00             1         9.09
4           4                   0      0.00             1         9.09
5           1                   1      9.09             2        18.18
5           2                   0      0.00             2        18.18
5           3                   0      0.00             2        18.18
5           4                   0      0.00             2        18.18
6           1                   0      0.00             2        18.18
6           2                   2     18.18             4        36.36
6           3                   0      0.00             4        36.36
6           4                   0      0.00             4        36.36
7           1                   0      0.00             4        36.36
7           2                   2     18.18             6        54.55
7           3                   0      0.00             6        54.55
7           4                   0      0.00             6        54.55
8           1                   0      0.00             6        54.55
8           2                   0      0.00             6        54.55
8           3                   1      9.09             7        63.64
8           4                   0      0.00             7        63.64
9           1                   0      0.00             7        63.64
9           2                   0      0.00             7        63.64
9           3                   1      9.09             8        72.73
9           4                   0      0.00             8        72.73
10          1                   0      0.00             8        72.73
10          2                   0      0.00             8        72.73
10          3                   0      0.00             8        72.73
10          4                   1      9.09             9        81.82
77          1                   0      0.00             9        81.82
77          2                   0      0.00             9        81.82
77          3                   0      0.00             9        81.82
77          4                   1      9.09            10        90.91
99          1                   0      0.00            10        90.91
99          2                   0      0.00            10        90.91
99          3                   0      0.00            10        90.91
99          4                   1      9.09            11       100.00

Total Frequency = 11


Table of SLEEPGRP by SG1

SLEEPGRP    SG1    Frequency    Percent    Cumulative    Cumulative
                                            Frequency       Percent
-----------------------------------------------------------
1           0              0      0.00             0         0.00
1           1              2     18.18             2        18.18
2           0              4     36.36             6        54.55
2           1              0      0.00             6        54.55
3           0              2     18.18             8        72.73
3           1              0      0.00             8        72.73
4           0              3     27.27            11       100.00
4           1              0      0.00            11       100.00

Total Frequency = 11


Table of SLEEPGRP by SG2

SLEEPGRP    SG2    Frequency    Percent    Cumulative    Cumulative
                                            Frequency       Percent
-----------------------------------------------------------
1           0              2     18.18             2        18.18
1           1              0      0.00             2        18.18
2           0              0      0.00             2        18.18
2           1              4     36.36             6        54.55
3           0              2     18.18             8        72.73
3           1              0      0.00             8        72.73
4           0              3     27.27            11       100.00
4           1              0      0.00            11       100.00

Total Frequency = 11


Table of SLEEPGRP by SG3

SLEEPGRP    SG3    Frequency    Percent    Cumulative    Cumulative
                                            Frequency       Percent
-----------------------------------------------------------
1           0              2     18.18             2        18.18
1           1              0      0.00             2        18.18
2           0              4     36.36             6        54.55
2           1              0      0.00             6        54.55
3           0              0      0.00             6        54.55
3           1              2     18.18             8        72.73
4           0              3     27.27            11       100.00
4           1              0      0.00            11       100.00

Total Frequency = 11

